00001011002       88.0000
00001011002       160.000
02012176002       16.0000
02012176002       8.00000
02012176003       8.00000
02012176003       8.00000
02012176003       32.0000
02012219001       976.000
10002001006       8.00000
10002003001       8.00000
10002003001       16.0000
10002003001       8.00000
10002003001       8.00000
10002003001       13304.0
10002003001       1096.00
10002003001       32.0000
10002003001       992.000
10002003001       8.00000
10002004001       8.00000
10002004001       8.00000
10002004001       8.00000
10002004001       8.00000
10002004001       8.00000
10002004001       8.00000
10002004001       8.00000
10002004001       8.00000
10002004001       96.0000
10002004001       8.00000
10002004001       8.00000
10002004001       8.00000
10002004001       8.00000
10002004001       840.000
10002004001       8.00000
10002004001       8.00000
10002004001       8.00000
10002004001       8.00000
10002004001       72.0000
10002004001       8.00000
10002004001       8.00000
10002004001       8.00000
10002004001       64.0000
10002004001       8.00000
10002004001       8.00000
10002004001       72.0000
10002004001       8.00000
10002004001       8.00000
10002004001       8.00000
10002004001       48.0000
10002004001       8.00000
10002004001       8.00000
10002004001       8.00000
10002004001       8.00000
10002004001       8.00000
10002004001       8.00000
10002004001       8.00000
10002004001       16.0000
10002004001       8.00000
10002004001       8.00000
10002004001       8.00000
10002004001       8.00000
10002004001       8.00000
10002004001       8.00000
10002004001       8.00000
10002004001       224.000
10002004001       192.000
10002004001       8.00000
10002004001       8.00000
10002004001       8.00000
10002004001       8.00000
10002004001       8.00000
10002004001       8.00000
10002004001       8.00000
10002004001       168.000
10002004001       24.0000
10002012001       8.00000
10002012001       8.00000
10002012001       8.00000
10002012001       8.00000
10002012001       8.00000
10002012001       8.00000
10002012001       8.00000
10002012001       8.00000
10002012001       8.00000
10002012001       8.00000
10002012001       8.00000
10002012001       8.00000
10002012001       8.00000
10002012001       8.00000
10002012001       8.00000
10002012001       8.00000
10002012001       8.00000
10002012001       8.00000
10002012001       8.00000
10002012001       8.00000
10002012001       16.0000
10002012001       8.00000
10002012001       40.0000
10002012001       32.0000
10002012001       24.0000
10002012001       8.00000
10002012001       24.0000
10002012001       8.00000
10002012001       32.0000
10002012001       8.00000
10002012001       1400.00
10002012001       8.00000
10002012001       8.00000
10002012001       8.00000
10002012001       21544.0
10002012001       16.0000
10002012001       16.0000
10002012001       8.00000
10002012001       24.0000
10002012001       176.000
10002012001       24.0000
10002012001       24.0000
10002012001       8.00000
10002012001       8.00000
10002012001       8.00000
10002012001       8.00000
10002012001       8.00000
10002012001       8.00000
10002012001       16.0000
10002012001       8.00000
10002012001       16.0000
10002012001       8.00000
10002012001       8.00000
10002012001       8.00000
10002012001       16.0000
10002012001       16.0000
10002012001       8.00000
10002012001       8.00000
10002012001       8.00000
10002012001       8.00000
10002012001       16.0000
10002012001       16.0000
10002012001       16.0000
10002012001       8.00000
10002012001       8.00000
10002012001       8.00000
10002012001       8.00000
10002012001       8.00000
10002012001       8.00000
10002012001       8.00000
10002012001       8.00000
10002012001       8.00000
10002012001       8.00000
10002012001       8.00000
10002012001       8.00000
10002012001       8.00000
10002012001       8.00000
10002012001       8.00000
10002012001       8.00000
10002012001       8.00000
10002012001       8.00000
10002012001       8.00000
10002012001       8.00000
10002012001       8.00000
10002012001       8.00000
10002012001       8.00000
10002012001       8.00000
10002012001       8.00000
10002012001       8.00000
10002012001       8.00000
10002012001       8.00000
10002012001       8.00000
10002012001       8.00000
10002012001       8.00000
10002012001       8.00000
10002012001       8.00000
10002012001       8.00000
10002012001       8.00000
10002012001       8.00000
10002012001       8.00000
10002012001       8.00000
10002012001       8.00000
10002012001       8.00000
10002012001       8.00000
10002012001       8.00000
10002012001       8.00000
10002012001       8.00000
10002012001       8.00000
10002012001       8.00000
10002012001       8.00000
10002012001       8.00000
10002012001       8.00000
10002012001       8.00000
10002012001       8.00000
10002013001       26328.0
10002014003       8.00000
10002015001       8.00000
10002015001       8.00000
10002015001       40.0000
10002015001       8.00000
10002015001       8.00000
10002101001       8.00000
10002101001       8.00000
10002101001       8.00000
10002101001       8.00000
10002101001       8.00000
10013007001       128.000
10013008001       8.00000
10013008001       8.00000
10013008001       32.0000
10013008001       8.00000
10013008001       8.00000
10013008001       40.0000
10013008001       8.00000
10013008001       8.00000
10013009002       2936.00
10013011001       1208.00
10013021002       1416.00
10013033004       15192.0
10013034005       1112.00
10013034005       8.00000
10013039001       8.00000
10060001001       432.000
10060003001       8.00000
10060003001       8.00000
10060003001       8.00000
10060003001       8712.00
10102003001       1504.00
10102003002       2016.00
10311001008       544.000
10312015001       96.0000
10312016001       112.000
10312017001       128.000
10312018001       128.000
10312019001       128.000
10312020001       144.000
10312021001       192.000
10312022001       256.000
10312023001       272.000
10312024001       192.000
10312025001       624.000
10312101001       1456.00
10402001006       24928.0
20001002001       16.0000
20001002001       16.0000
20001002001       16.0000
20001002001       16.0000
20102002001       400.000
20102002001       720.000
20102003001       16.0000
20110100001       480.000
20110100001       16.0000
20110105001       176.000
20110106001       224.000
20110107001       80.0000
20110115001       16.0000
20201002001       320.000
20201002001       1168.00
20201003001       2272.00
30001002001       8.00000
30001002001       8.00000
30001002001       8.00000
30001002001       8.00000
30001002001       16.0000
30001002001       8.00000
30001011003       4840.00
30001141002       16.0000
30001141002       3632.00
30002032003       8.00000
30002032005       8.00000
30002032005       8.00000
30002032005       8.00000
30002032005       8.00000
30002032005       8.00000
30002032005       8.00000
30002032005       8.00000
30002032005       8.00000
30002032005       8.00000
30002032005       8.00000
30002032005       8.00000
30002032005       8.00000
30002032005       8.00000
30002032005       8.00000
30002032005       8.00000
30002032005       8.00000
30002032005       8.00000
30002032005       8.00000
30002032005       8.00000
30002032005       8.00000
30002032005       8.00000
30002032005       8.00000
30002032005       8.00000
30002032005       8.00000
30002032005       8.00000
30002032005       8.00000
30002032005       8.00000
30002032005       8.00000
30002032005       8.00000
30002032005       8.00000
30002032005       8.00000
30002032005       8.00000
30002032005       8.00000
30002032005       8.00000
30002032005       8.00000
30002032005       8.00000
30002032005       8.00000
30002032005       8.00000
30002032005       8.00000
30002032005       8.00000
30002032005       8.00000
30002032005       8.00000
30002032005       8.00000
30002032005       8.00000
30002032005       8.00000
30002032005       8.00000
30002150006       32.0000
30101051002       32.0000
30101051002       3552.00
30102037002       2912.00
30102037002       1616.00
30102037002       576.000
30102037002       464.000
30102037004       16.0000
30102037004       16.0000
30102037004       784.000
30102037004       1088.00
30161001002       1520.00
30201026002       16.0000
30201026002       16.0000
30302018004       1552.00
30302018004       16.0000
30302018004       16.0000
30302018004       304.000
30302018004       16.0000
30302018004       16.0000
30302018004       368.000
30302020004       1216.00
40001019002       16.0000
40001019002       8.00000
40001019002       8.00000
40001019002       40.0000
40001019002       24.0000
40001019002       8.00000
40001019002       24.0000
40001019002       8.00000
40001019002       8.00000
40001019002       32.0000
40001019002       8.00000
40001019002       8.00000
40001019002       8.00000
40001019002       8.00000
40001019002       8.00000
40001019002       8.00000
40001019002       128.000
40001019002       8.00000
40001019002       8.00000
40001019002       24.0000
40001019002       8.00000
40001019002       8.00000
40001019002       32.0000
40001019002       8.00000
40001019002       8.00000
40001019002       8.00000
40001019002       8.00000
40001019002       8.00000
40001019002       8.00000
40001019002       8.00000
40001019002       8.00000
40001019002       8.00000
40001019002       8.00000
40001019002       8.00000
40001019002       8.00000
40001019002       8.00000
40001019002       8.00000
40001019002       8.00000
40001019002       8.00000
40001019002       8.00000
40001019002       8.00000
40001019002       8.00000
40001019002       8.00000
40001019002       8.00000
40001019002       8.00000
40001019002       8.00000
40001019002       8.00000
40001019002       8.00000
40001019002       8.00000
40001019002       8.00000
40001019002       24.0000
40001019002       8.00000
40001019002       8.00000
40001019002       8.00000
40001019002       8.00000
40001019002       8.00000
40001019002       8.00000
40001019002       8.00000
40021002006       8.00000
40021002006       8.00000
40021002006       8.00000
50002031002       8.00000
50002031002       8.00000
50002031002       8.00000
60001113002       8.00000
60001113002       8.00000
60001113002       8.00000
60001113002       8.00000
60001113002       8.00000
60001113002       8.00000
60001113002       8.00000
60001113002       8.00000
60001113002       8.00000
60001113002       8.00000
60001113002       8.00000
60001113002       8.00000
60001113002       8.00000
60001113002       8.00000
60001113002       8.00000
60001113002       8.00000
60001113002       8.00000
60001113002       8.00000
60001113002       8.00000
60001113002       8.00000
60001113002       8.00000
60001113002       8.00000
60001113002       8.00000
60001113002       8.00000
60001113002       8.00000
60002030005       1504.00
60002030006       2680.00
60002046002       8.00000
60002046002       8.00000
60301028001       16.0000
80202012002       32.0000
80301307010       816.000
80302309004       16.0000
80302309010       752.000
80302309012       16.0000
80402302002       16.0000
80402302002       16.0000
80402302004       1536.00
80402302006       16.0000
90001001002       16.0000
90001001002       16.0000
90102007003       3808.00
90102007003       16.0000
90102007003       16.0000
90102007003       16.0000
90102007003       64.0000
90102016002       18560.0
90102016002       16.0000
90102016002       16.0000
90102016002       16.0000
90102016002       816.000
90102016002       4304.00
90102016002       3792.00
90201021006       16.0000
90201025003       32.0000
90202033002       9664.00
90202033002       1472.00
90202033002       1680.00
90202033002       16.0000
90202033002       6288.00
90301013002       912.000
90301013002       6304.00
90301013002       128.000
90301013002       16.0000
90301013002       4304.00
90301013002       16.0000
90301013002       6432.00
90301013002       5920.00
90301013002       16.0000
90301013002       32.0000
90302319002       5824.00
90302319004       464.000
90302319005       1808.00
90302319006       1696.00
90302319006       416.000
90302319008       208.000
90302319008       16.0000
90311211001       16.0000
90311211001       1760.00
90311212001       2480.00
90311212001       16.0000
